%       fval1
%26.65562356
%         pp
  0.0005954720410656
  0.0006221319409854
  0.0026391481469814
  0.0083367429717730
  0.0022041189794427
  0.0068255355360914
  0.0032654856274339
  0.0002003258245122
  0.0011648584152891
  0.0000004905693667
  0.0061255159711429
  0.0069360468729864
  0.0001756047593082
  0.0005123525640284
  0.0001028585919043
  0.0000001022580710
  0.0008196428084411
  0.0000004288945642
  0.0002046505835125
  0.0000719720352192
  0.0000003984870618
  0.0000000583138182
  0.0000149555441718
  0.0006912848564520
  0.0000401853846446
  0.0029484251707357
  0.0000044898771842
  0.0029446292080915
  0.0036097953626207
  0.0001283071201666
  0.0008300597989540
  0.0029376003754213
  0.0088402755415224
  0.0042672590680469
  0.0078180436418564
  0.0134439676602928
  0.0059119715245548
  0.0086552758271547
  0.0151296506537129
  0.0000821233959924
  0.0000102729644099
  0.0000003651856584
  0.0013743169749609
  0.0003238756233174
  0.0000007528437303
  0.0000290974704198
  0.0000028328825609
  0.0000003070784677
  0.0013708670820204
  0.0000001558310750
  0.0000001065869035
  0.0011067716628886
  0.0000017694773859
  0.0039642991916500
  0.0006017568097116
  0.0020909668383914
  0.0005545158206751
  0.0000064553475202
  0.0041239986771433
  0.0051898997637664
  0.0055819057109911
  0.0076418432778513
  0.0043242162550826
  0.0032927260832194
  0.0023677757925423
  0.0046506248372095
  0.0193412422439930
  0.0066681996198508
  0.0047991105516916
  0.0006442876603402
  0.0110716205811421
  0.0000003357703707
  0.0000010118942320
  0.0072393425896555
  0.0030021845109493
  0.0009291490491514
  0.0000033019203155
  0.0001141951577752
  0.0000008162214103
  0.0000115730095293
  0.0000000746434824
  0.0000004791320633
  0.0001928143969206
  0.0000011055785757
  0.0027551218770005
  0.0000045597698688
  0.0009604775829714
  0.0010190381037850
  0.0049195551306374
  0.0059014316356742
  0.0118722786318175
  0.0043409650072107
  0.0061276188132203
  0.0149404854741536
  0.0009014056552138
  0.0033062779001776
  0.0072958076613196
  0.0013176099149661
  0.0006159408439961
  0.0161833697302135
  0.0000054601512851
  0.0000017760450769
  0.0000007454772496
  0.0000028860886403
  0.0000120032944706
  0.0008719447977380
  0.0003202460639158
  0.0011275598306151
  0.0008513280968016
  0.0000021781307650
  0.0000002079440443
  0.0000022124509700
  0.0010852692953973
  0.0008931694306194
  0.0016803716663619
  0.0001161842795131
  0.0012280691515490
  0.0010617562897267
  0.0046666299390423
  0.0075240121604068
  0.0103965594966205
  0.0112533998788322
  0.0010931690314641
  0.0020532850470553
  0.0075018582715371
  0.0216002195026704
  0.0158004902397256
  0.0065287923306463
  0.0082145439756960
  0.0016199978094608
  0.0000011673158854
  0.0032674852574914
  0.0000605184808270
  0.0000012830991531
  0.0000007874929797
  0.0000134990561982
  0.0000016323066733
  0.0006229696060888
  0.0002202817367071
  0.0023942225626412
  0.0002947636988360
  0.0000001419431726
  0.0000016604542420
  0.0003413948645697
  0.0003308389875967
  0.0001898413345052
  0.0024327927718892
  0.0046806421204498
  0.0074318047294070
  0.0055862730098036
  0.0001565664809981
  0.0085067380439222
  0.0068613965219486
  0.0164746437573232
  0.0038387924600764
  0.0115369104959208
  0.0125119376306155
  0.0031605621939602
  0.0001302887544956
  0.0000126372934541
  0.0000000655870660
  0.0000033162956793
  0.0010032058551940
  0.0001081427991437
  0.0000043263762694
  0.0000037407444449
  0.0000003143682287
  0.0000148427732374
  0.0000304662853438
  0.0013309216075873
  0.0000073655819410
  0.0001997867248504
  0.0001638174389514
  0.0009666532334977
  0.0012672074564277
  0.0015321974802906
  0.0035975159546347
  0.0059029531917803
  0.0051247201865561
  0.0056450806700535
  0.0077083741356829
  0.0130814896352746
  0.0230731604777169
  0.0125226492870610
  0.0000876959563126
  0.0019728320341660
  0.0000001447132311
  0.0083339217338174
  0.0000173810911381
  0.0000005988873814
  0.0000026003767660
  0.0010630987669552
  0.0000000647976847
  0.0000405927967168
  0.0024099404897601
  0.0000010782939774
  0.0000112462958122
  0.0000000703943111
  0.0000002179936633
  0.0001228297141012
  0.0006055880105436
  0.0010994747151611
  0.0000007592449007
  0.0030349964133575
  0.0043428820289088
  0.0057559540601062
  0.0095078329276163
  0.0041848394758449
  0.0043795204621718
  0.0056681098213375
  0.0133539475322897
  0.0045302818739964
  0.0116278351590612
  0.0077570700628332
  0.0033687188366661
  0.0007326504861331
  0.0000008758353909
  0.0056194873210585
  0.0004995864170331
  0.0000105287488625
  0.0024853248026869
  0.0000060020244409
  0.0000113793054875
  0.0000011056508842
  0.0000000313021783
  0.0000002956228838
  0.0011809878797070
  0.0000004351521264
  0.0016748650961377
  0.0006739016092658
  0.0005524293480825
  0.0000785265613632
  0.0017062195113050
  0.0019732511845633
  0.0034065840749863
  0.0013401788660068
  0.0047070483718679
  0.0070383565346484
  0.0156945634330020
  0.0042963027366988
  0.0077273316412649
  0.0264329340257202
  0.0000340095763967
  0.0062351257030825
  0.0020682835817753
  0.0000790625284059
  0.0018104348036274
  0.0019330108129124
  0.0000000270518831
  0.0000006657958885
  0.0002777927302678
  0.0000004622811050
  0.0000003272790191
  0.0000002328008234
  0.0000000544318397
  0.0008667263079840
  0.0006106882049965
  0.0000000961671923
  0.0000917479480132
  0.0009757042353890
  0.0000593400213300
  0.0003864846577917
  0.0025811398525960
  0.0028059222793037
  0.0045634357511182
  0.0028168142921308
  0.0025590526544050
  0.0058259477861973
  0.0193433501139186
  0.0173053331064778
  0.0059853795800522
  0.0060413169592793
  0.0147132449243332
  0.0016817530905186
  0.0000001204325038
  0.0003101303021033
  0.0004088299330692
  0.0000001581101787
  0.0000038112347404
  0.0000003471340783
  0.0000223291306615
  0.0000016606573281
  0.0000006140016357
  0.0036876576273014
  0.0000006259424455
  0.0010386270013503
  0.0031057787136009
  0.0007871133912523
  0.0002131918991465
  0.0003126599505838
  0.0003759805088422
  0.0000995782473838
  0.0015471153988532
  0.0048846509763887
  0.0122033070832837
  0.0063551740644126
  0.0112771641612662
  0.0043455891360336
  0.0037063510723974
  0.0223467744445070
  0.0100964077842049
  0.0039359882839081
  0.0007816919789777
  0.0000293361184780
  0.0005241581123412
  0.0000008427062338
  0.0021876407954634
  0.0000051420889982
  0.0000013781393271
  0.0000083990557410
  0.0000033550832685
  0.0000001528290010
  0.0000002513869309
  0.0000004469265760
  0.0000067293130841
  0.0005273352429917
  0.0039393910332989
  0.0007503331703710
  0.0008503176985845
  0.0007942130315352
  0.0036240359945390
  0.0084564613619051
  0.0029944301669109
  0.0053875811680097
  0.0071081988501299
  0.0060849254174780
  0.0134959789898910
  0.0180852011461627
  0.0074861422061993
  0.0036766205666482
  0.0031646489330409
  0.0000129369017768
  0.0001220857661636
  0.0003828678467565
  0.0000015575177761
  0.0000040518901164
  0.0021638291623276
  0.0000001052229097
  0.0000762932932141
  0.0029570981603139
  0.0014638520277297
  0.0000021747182651
  0.0007518704561251
  0.0000954431976471
  0.0000200988844070
  0.0028704580423425
  0.0016309979393533
  0.0003717535621332
  0.0002364671998237
  0.0016214384567407
  0.0029341236785263
  0.0008892433156216
  0.0018012163929437
  0.0059353913769093
  0.0058761205419972
  0.0171645336636339
  0.0188604659213361
  0.0164487961332467
  0.0066720410920599
  0.0065508554026390
  0.0000118473616368
  0.0103208980280891
  0.0000022723397496
  0.0000258156891111
  0.0000011923725476
  0.0000731295708782
  0.0000003057768068
  0.0000280251550646
  0.0000033128326727
  0.0000017162572499
  0.0000004815241712
  0.0016791263069135
  0.0002221893637478
  0.0000950058841364
  0.0000009272531947
  0.0003916949527657
  0.0001238416453085
  0.0009153461048594
  0.0003537123407099
  0.0028324583181825
  0.0033714428388903
  0.0003095920057372
  0.0010277607145581
  0.0155111382095369
  0.0256586169283583
  0.0173002364815446
  0.0103876634164646
  0.0013970910312980
  0.0000730200669012
  0.0034799751891580
  0.0012322315463274
  0.0000062239099141
  0.0000067649742399
  0.0000041268762549
  0.0006939383259016
  0.0000111660037597
  0.0005756237885036
  0.0000002818431664
  0.0000052793998217
  0.0000058829051023
  0.0000793754601902
  0.0016084731166750
  0.0003438336102376
  0.0006915852831691
  0.0006622600345183
  0.0010242622492187
%       multi
%  0.92748421
%  ----------