%       fval1
%104.61970211
%          pp
  0.0021062235978928
  0.0301988983802874
  0.0131981480647900
  0.0740681158878399
  0.0115035528501241
  0.0428720749880669
  0.0824724717319091
  0.0692854648530490
  0.0542049420826498
  0.0441182086039639
  0.0515852739771218
  0.0321488496247798
  0.1216506605222352
  0.0257910672607717
  0.0002971607973210
  0.0161533699658957
  0.0051949233795216
  0.0000067867343818
  0.0035015889574870
  0.0000541213735392
  0.0013022958175432
  0.0214884380153699
  0.0012992513921684
  0.0066151226337005
  0.0000303992362011
  0.0007544396034451
  0.0050632100916335
  0.0007418630296279
  0.0003088495143158
  0.0057528841249915
  0.0186823724478220
  0.0294442504662135
  0.0452650496327495
  0.0431968755441688
  0.0311864553867731
  0.0266066410274220
  0.0809256031307904
  0.0502683365443051
  0.1160311232145277
  0.0220029611881910
  0.0374557425438004
  0.0031689503441824
  0.0003975246574710
  0.1352133543662600
  0.0000000447909871
  0.0000002807885612
  0.0000004393378395
  0.0000012572800145
  0.0001531394065153
  0.0001103701222784
  0.0000003917053290
  0.0000000709425181
  0.0000009467573398
  0.0032311324365906
  0.0000241657692791
  0.0072916169250414
  0.0172499144394035
  0.0078474435561093
  0.0238434602808125
  0.0346831138694162
  0.0441515915167528
  0.0096924925566826
  0.0236652089230378
  0.1239536230118234
  0.0665074381834873
  0.0287026035484465
  0.0911533485941476
  0.0766604717896380
  0.0040743204328669
  0.0043482444659628
  0.0000544266575544
  0.0433341297609245
  0.0036009181190522
  0.0121847674148135
  0.0000034390587317
  0.0000000929970195
  0.0000408453345445
  0.0000167407868159
  0.0001445927743221
  0.0190435900546096
  0.0003253507722681
  0.0000015649580863
  0.0000025662538299
  0.0000000021249338
  0.0000010278056269
  0.0135550691919618
  0.0496678271736231
  0.0000999993394429
  0.0073320620369747
  0.0585319420006262
  0.0556462397894816
  0.0603907707264668
  0.0556535545307346
  0.0766094418628965
  0.0201041312000735
  0.1159820663402651
  0.0592015195719668
  0.0363221169295578
  0.0828234995279149
  0.0070052535188880
  0.0012347536225531
  0.0000009049232917
  0.0001948033785054
  0.0000522293226003
  0.0000010050745287
  0.0012397391786802
  0.0005378852843021
  0.0001041377022613
  0.0000006099648941
  0.0050714982948253
  0.0091763962923797
  0.0046863466214765
  0.0059788209056782
  0.0072258858584340
  0.0117133000073270
  0.0011354467917195
  0.0009900632297060
  0.0093550333085883
  0.0236744559337634
  0.0335108499264151
  0.0696871747821455
  0.0635790239403629
  0.0211150698267102
  0.1246014227397268
  0.0432629733221225
  0.0454187189461712
  0.0082130317908964
  0.0421356519712912
  0.0388392914835501
  0.0668656506389364
  0.0149076778014690
  0.0035842895681358
  0.0000022905516797
  0.0017012159137769
  0.0113064240325389
  0.0000003453955658
  0.0000232444988977
  0.0000047124395310
  0.0000003475924017
  0.0001909569521085
  0.0000195795484780
  0.0000000115558264
  0.0002186859625074
  0.0073103650558158
  0.0134722213164562
  0.0099979294625531
  0.0002202057751158
  0.0730033678262065
  0.0128419742073860
  0.0527279568004393
  0.0720302775645867
  0.0583500872764978
  0.0520415963008982
  0.0775416582846963
  0.0478317735347498
  0.0202703938319236
  0.0472985762837436
  0.0381118944783797
  0.0000001390967980
  0.0007225856258847
  0.0036672331041746
  0.0889201019934874
  0.0000003923615864
  0.0000000065586762
  0.0000005310459652
  0.0000003021048580
  0.0000001553556318
  0.0068623164663088
  0.0008472721197473
  0.0050759673540868
  0.0000001106056665
  0.0053503438048770
  0.0010593921024181
  0.0007636434297381
  0.0019492144514769
  0.0081603982323451
  0.0211601701969784
  0.0244197563811863
  0.0347208336299253
  0.0415490640765654
  0.1276358828959846
  0.1120936325668637
  0.0711444259994394
  0.0459752999120954
  0.0039423653852068
  0.0412546369795632
  0.0839944965294214
  0.0000603118156469
  0.0023577809700375
  0.0090269436467768
  0.0000143649423826
  0.0000914383115258
  0.0000156294706426
  0.0000189619830413
  0.0028407501716586
  0.0053169033973253
  0.0020525598555301
  0.0000025825795828
  0.0077695441434865
  0.0253443425617578
  0.0047765006596245
  0.0057058103620051
  0.0010118305503613
  0.0005029716660408
  0.0060191993522940
  0.0079355236627468
  0.0205360268005493
  0.0598090592944566
  0.0631106688900497
  0.1482857664623435
  0.0419267555370834
  0.0606624713186145
  0.0314903804769019
  0.0817106682621594
  0.0033556475573969
  0.0952890369892747
  0.0073594127832323
  0.0011693351228616
  0.0000073505703755
  0.0000326195433092
  0.0000112123046992
  0.0013751319166965
  0.0000000694090740
  0.0000407152370748
  0.0012280416225419
  0.0005630505599384
  0.0003509515909383
  0.0000109733251217
  0.0154377111842562
  0.0000015449935834
  0.0097980935478682
  0.0046588989645715
  0.0217591397075637
  0.0164685788669105
  0.0196471495182461
  0.0744279225888230
  0.0506218258525263
  0.0505571899434048
  0.1097403996129271
  0.0830475799291981
  0.0831367927918631
  0.0680148351856567
  0.0053113265589689
  0.0282631394556749
  0.0000007049195998
  0.0000000572432330
  0.0000053055675393
  0.0000176039938967
  0.0000011684446219
  0.0000000318817094
  0.0208318386285355
  0.0181864668328887
  0.0000005850973756
  0.0021589396486171
  0.0053895466726746
  0.0014404541110511
  0.0114042544163230
  0.0006633245909850
  0.0016928203281522
  0.0000204191748372
  0.0000485726756993
  0.0023063132412761
  0.0009248174433737
  0.0143516138449197
  0.0410059892091793
  0.0389098017345892
  0.0284286873874979
  0.0470805723421621
  0.0351394357429966
  0.1722212251213100
  0.0589819498216802
  0.0030575175978692
  0.0917775798476459
  0.0567616535685745
  0.0154393340582048
  0.0024147376089635
  0.0143935219702432
  0.0026159828599756
  0.0000016859974283
  0.0000058162449267
  0.0000024986524563
  0.0042569829870171
  0.0004009864815605
  0.0000018361662519
  0.0000017298094164
  0.0047619581082537
  0.0000580287375442
  0.0013480956517841
  0.0120725198872739
  0.0003088765549482
  0.0002800675484068
  0.0229832416913220
  0.0740520268484726
  0.0601961648653382
  0.0730439745191262
  0.0370242209660849
  0.0905816054063336
  0.0756391908081661
  0.0372674861687979
  0.0616783638077646
  0.0205363586249530
  0.0165199411887801
  0.0000419125936012
  0.0000005960503420
  0.0000107880394543
  0.0000203820984390
  0.0126289779990234
  0.0001534756419372
  0.0000052933619519
  0.0049313236048253
  0.0097757766098940
  0.0435066109388197
  0.0065072836024792
  0.0000965213797097
  0.0154672430497291
  0.0007049675374635
  0.0111541413640871
  0.0000008232191891
  0.0032291499212956
  0.0001977647521838
  0.0079423595870462
  0.1288755808525746
  0.0674724077106519
  0.0719619715304321
  0.0960895102765152
  0.0661157716742893
  0.1027476570345187
  0.0045946963361787
  0.0004536667654695
  0.0423570205882173
  0.0001609484671202
  0.0000247189632412
  0.0084245447235177
  0.0017247803971574
  0.0000294024890271
  0.0001437073185750
  0.0002515972411586
  0.0001138027180884
  0.0000511019648657
  0.0049650664189108
  0.0248147791144781
  0.0030891968403981
  0.0026511146386455
  0.0250727412354202
  0.0046138462282243
  0.0167398358034556
  0.0088756068538877
  0.0004013592772706
  0.0030627661306624
  0.0003561554005520
  0.0662081197758384
  0.1374590520332005
  0.0956019176856397
  0.1631220287028971
  0.0020757535651981
  0.1057390940026751
  0.0074944998945084
  0.0103189201684822
  0.0082448448728515
  0.0000025164503543
  0.0000015977536140
  0.0000076650456612
  0.0000000945840156
  0.0000008845353940
  0.0000071308813446
  0.0000945424717089
  0.0000022718610145
  0.0002439443977476
  0.0041190984856527
  0.0001217705776451
  0.0255825468215264
  0.0005322692251062
  0.0168592741958214
  0.0000508846276795
  0.0077094202579166
  0.0077812399787039
  0.0022582555093218
  0.0013022590790363
  0.0147154720530187
  0.0216270262128376
  0.0154958704747259
  0.0481251686903529
  0.0890620465009492
  0.0269052194374806
  0.0868740177743072
  0.0868704562571961
  0.0392340564863685
  0.0502911199230365
  0.0384136883059797
  0.0079129133943730
  0.0177349403052756
  0.0013265534452769
  0.0000015284530749
  0.0000021347149111
  0.0000019411219065
  0.0002503741470588
  0.0002906142311249
  0.0001668683652550
  0.0000001920296206
  0.0000250659744574
  0.0000034336243188
  0.0002711828958497
  0.0246798679565066
  0.0267700260087893
  0.0173004420492367
  0.0018529754873486
%       multi
% 1.02305812
%  ----------